322 44
276 33
250 28
258 25
251 37
310 40
255 31
230 23
211 46
365 36
367 34
201 36
313 24
262 33
389 34
206 29
213 26
205 43
242 29
291 38
342 33
345 36
207 26
272 32
396 31
317 27
300 35
363 36
339 36
201 24
291 33
318 36
250 39
270 39
266 25
289 39
210 29
307 32
253 47
237 42
310 34
220 39
267 27
362 28
299 25
305 32
392 40
208 40
222 41
329 40
292 35
229 41
351 26
228 42
301 47
338 36
333 37
334 35
309 40
346 32
319 31
339 24
302 44
346 39
301 40
362 42
378 38
256 24
339 42
364 35
335 43
388 41
233 39
279 41
245 40
399 26
344 43
264 37
304 25
266 35
259 32
260 41
241 32
393 35
211 42
227 25
298 39
379 25
242 29
364 40
286 24
276 29
265 33
251 39
236 46
311 42
380 25
249 46
276 29
242 33
313 32
400 39
314 26
383 24
285 31
395 40
374 29
306 26
266 29
231 38
303 37
334 37
365 30
260 44
256 43
388 41
251 35
334 40
267 44
340 46
387 41
326 37
366 33
308 31
399 32
254 28
282 25
352 42
292 43
237 44
268 45
319 45
217 31
278 46
275 35
333 42
330 46
266 37
210 35
204 40
207 25
218 37
239 35
269 24
360 29
216 26
371 41
277 40
333 32
298 38
221 24
317 45
211 28
254 45
233 24
372 34
354 34
347 45
277 45
271 39
336 33
330 45
267 40
291 24
329 42
365 25
370 47
228 40
268 34
386 32
391 26
292 26
343 27
250 34
388 28
285 23
390 40
317 33
373 27
245 44
284 36
235 41
273 38
307 23
214 40
238 25
220 36
341 43
351 35
260 28
317 45
375 35
318 43
339 47
370 25
252 32
302 41
250 38
265 27
237 42
381 30
323 44
394 30
350 41
282 23
345 23
393 39
304 29
323 36
219 29
382 32
287 42
203 44
372 25
369 26
304 41
247 31
253 45
384 43
281 30
374 44
328 32
226 32
279 42
279 36
334 39
334 30
396 35
217 34
315 37
302 47
360 43
234 42
224 32
211 40
228 37
348 41
381 35
263 40
337 34
381 42
270 45
227 43
346 25
278 34
252 46
356 34
229 40
255 39
379 23
350 39
223 27
243 28
344 25
263 30
203 34
328 39
382 47
228 30
398 29
395 31
390 29
291 47
286 39
312 41
271 45
364 33
381 36
336 35
332 39
356 32
379 42
341 37
263 25
351 28
342 26
393 43
351 36
389 47
235 47
291 42
265 46
356 37
342 32
293 33
375 30
296 39
286 36
299 42
286 28
224 41
387 42
376 46
227 44
361 29
314 27
397 29
267 41
321 33
360 40
290 46
287 46
228 37
332 46
330 37
203 31
305 25
212 44
302 37
235 40
217 32
345 24
382 39
344 28
217 43
341 35
375 28
202 26
386 31
279 47
231 27
339 32
297 44
399 40
235 28
264 36
344 40
207 25
216 33
372 41
274 30
208 32
341 36
384 38
339 37
392 43
326 40
211 26
266 45
280 38
201 47
282 32
375 43
374 26
246 32
360 41
297 46
373 26
384 34
234 44
350 45
296 26
323 36
390 45
368 36
397 36
282 23
299 31
235 42
379 43
210 27
289 36
376 29
249 43
265 40
282 29
261 41
353 25
253 41
399 27
365 28
393 31
309 40
338 30
390 33
334 43
388 30
343 38
272 46
269 36
327 37
299 33
326 24
274 44
379 38
393 39
341 38
303 40
232 46
315 27
222 30
265 44
385 36
216 30
224 28
395 28
303 26
272 28
325 28
211 24
294 37
361 38
257 25
266 30
249 32
254 31
258 35
395 44
391 45
312 26
228 39
286 43
313 26
326 44
249 23
385 36
210 27
222 30
364 23
231 45
351 31
249 35
291 41
400 28
266 35
290 39
319 29
292 40
250 35
356 23
368 46
305 41
304 29
214 23
245 32
228 42
288 35
340 26
336 36
246 33
296 46
327 37
315 25
318 41
289 33
347 44
277 40
333 39
354 28
273 41
328 26
319 33
257 31
354 28
219 29
388 40
208 26
366 31
359 32
356 33
330 41
223 26
316 29
393 24
286 26
321 38
321 43
220 39
387 42
328 44
223 30
254 37
357 31
347 24
323 30
356 39
305 40
350 30
346 26
204 47
379 41
297 45
286 30
351 23
204 36
370 46
263 27
253 24
298 32
213 38
353 38
289 43
218 31
279 46
232 28
288 36
368 31
212 37
244 46
233 38
224 31
299 33
383 31
307 25
353 43
330 30
303 41
305 25
302 42
329 44
329 42
384 30
257 37
279 25
286 45
394 36
319 29
251 44
373 32
325 37
286 24
386 46
312 46
225 31
329 43
316 25
344 36
372 39
378 39
232 30
359 35
326 46
241 41
400 24
333 26
358 25
378 46
226 43
357 28
298 29
392 28
246 45
259 42
226 43
270 30
399 27
238 25
314 43
288 42
282 29
249 27
245 40
385 30
393 33
238 37
272 39
335 37
372 27
285 42
313 32
365 40
362 41
332 40
289 45
302 37
292 33
236 32
320 37
378 39
303 35
314 29
363 33
228 35
211 36
321 36
335 35
357 25
370 45
389 29
223 34
208 34
371 38
259 44
323 26
303 29
216 31
268 25
347 45
204 25
354 30
251 31
369 35
335 33
267 33
289 34
230 38
379 32
338 37
299 23
257 25
205 46
223 32
222 45
281 34
267 45
362 35
326 43
340 35
243 35
245 41
299 40
341 37
287 38
206 40
246 39
360 39
355 46
386 25
372 32
259 28
391 42
214 34
314 35
240 23
212 45
369 24
366 36
220 34
344 43
322 27
374 29
361 43
389 40
350 26
329 41
310 32
302 35
266 45
257 39
275 27
318 46
226 24
248 39
368 26
258 42
380 31
318 38
333 34
318 28
382 46
244 24
219 41
265 39
315 43
214 41
309 24
237 25
262 29
350 34
371 25
271 39
258 28
395 33
215 29
319 23
338 38
298 44
389 30
385 25
321 36
248 33
328 23
279 37
206 24
370 26
223 41
284 32
295 36
269 45
376 45
261 29
305 24
211 28
314 31
363 47
325 23
364 42
320 29
263 35
324 32
308 40
232 27
306 30
256 25
287 44
227 25
243 29
390 24
301 25
257 38
301 33
203 32
243 41
265 41
303 44
366 37
371 27
250 42
260 42
325 29
255 23
251 30
363 33
393 27
304 33
303 37
331 43
228 33
235 24
287 24
233 46
223 31
308 27
326 42
352 44
241 36
308 38
399 33
203 42
268 46
365 27
354 34
330 36
240 26
278 31
330 28
224 36
292 31
219 32
230 30
379 42
363 30
251 36
374 27
209 46
359 34
268 33
337 30
362 29
313 24
203 24
389 39
314 33
396 27
213 41
356 36
321 30
287 41
200 36
373 25
263 42
383 25
256 29
321 24
252 41
201 26
260 34
385 25
348 28
352 36
336 46
315 24
329 24
327 46
327 30
341 44
352 35
241 46
377 47
364 39
275 44
392 39
384 27
347 31
291 45
306 32
266 25
332 27
363 46
248 40
361 43
374 30
231 36
280 30
265 45
347 37
202 40
347 33
373 34
355 23
202 37
294 24
248 45
256 26
385 46
383 34
394 32
288 32
270 24
280 23
287 32
303 35
383 36
352 37
326 26
289 39
283 40
362 37
384 36
331 43
345 26
231 26
255 35
325 27
213 24
327 39
354 36
398 37
329 27
370 45
258 26
204 35
319 29
342 24
232 30
398 25
389 30
284 36
219 31
323 41
304 28
203 25
241 45
290 42
303 25
235 33
226 35
340 45
370 44
291 24
251 25
325 33
257 30
275 39
242 29
336 38
334 27
259 37
242 27
271 38
258 41
264 28
268 33
372 39
269 40
372 27
349 29
286 43
253 29
264 47
258 47
302 34
285 35
399 33
250 27
230 43
360 37
357 39
311 30
317 37
293 27
326 31
211 27
210 36
316 46
399 30
264 44
302 33
365 23
211 34
329 31
308 42
237 35
212 42
364 25
351 33
391 42
292 36
226 35
278 43
281 24
271 30
329 42
367 25
387 47
212 24
303 45
338 37
383 29
319 41
390 39
293 25
230 35
268 27
284 28
266 31
394 36
358 35
230 40
296 27
297 38
248 24
258 27
236 36
227 30
239 38
363 42
308 34
244 41
345 34
210 27
238 25
238 44
246 34
331 31
211 40
383 37
350 28
377 26
387 27
374 46
283 25
339 45
271 34
292 42
217 38
375 42
368 25
249 25
296 34
300 35
227 39
319 40
382 36
238 45
361 27
352 36
226 39
245 41
358 36
319 24
213 46
208 31
350 37
245 38
290 37
249 44
346 30