322 44
276 33
250 28
258 25
251 37
310 40
255 31
230 23
211 46
365 36
367 34
201 36
313 24
262 33
389 34
206 29
213 26
205 43
242 29
291 38
342 33
345 36
207 26
272 32
396 31
317 27
300 35
363 36
339 36
201 24
291 33
318 36
250 39
270 39
266 25
289 39
210 29
307 32
253 47
237 42
310 34
220 39
267 27
362 28
299 25
305 32
392 40
208 40
222 41
329 40
292 35
229 41
351 26
228 42
301 47
338 36
333 37
334 35
309 40
346 32
319 31
339 24
302 44
346 39
301 40
362 42
378 38
256 24
339 42
364 35
335 43
388 41
233 39
279 41
245 40
399 26
344 43
264 37
304 25
266 35
259 32
260 41
241 32
393 35
211 42
227 25
298 39
379 25
242 29
364 40
286 24
276 29
265 33
251 39
236 46
311 42
380 25
249 46
276 29
242 33
313 32
400 39
314 26
383 24
285 31
395 40
374 29
306 26
266 29
231 38
303 37
334 37
365 30
260 44
256 43
388 41
251 35
334 40
267 44
340 46
387 41
326 37
366 33
308 31
399 32
254 28
282 25
352 42
292 43
237 44
268 45
319 45
217 31
278 46
275 35
333 42
330 46
266 37
210 35
204 40
207 25
218 37
239 35
269 24
360 29
216 26
371 41
277 40
333 32
298 38
221 24
317 45
211 28
254 45
233 24
372 34
354 34
347 45
277 45
271 39
336 33
330 45
267 40
291 24
329 42
365 25
370 47
228 40
268 34
386 32
391 26
292 26
343 27
250 34
388 28
285 23
390 40
317 33
373 27
245 44
284 36
235 41
273 38
307 23
214 40
238 25
220 36
341 43
351 35
260 28
317 45
375 35
318 43
339 47
370 25
252 32
302 41
250 38
265 27
237 42
381 30
323 44
394 30
350 41
282 23
345 23
393 39
304 29
323 36
219 29
382 32
287 42
203 44
372 25
369 26
304 41
247 31
253 45
384 43
281 30
374 44
328 32
226 32
279 42
279 36
334 39
334 30
396 35
217 34
315 37
302 47
360 43
234 42
224 32
211 40
228 37
348 41
381 35
263 40
337 34
381 42
270 45
227 43
346 25
278 34
252 46
356 34
229 40
255 39
379 23
350 39
223 27
243 28
344 25
263 30
203 34
328 39
382 47
228 30
398 29
395 31
390 29
291 47
286 39
312 41
271 45
364 33
381 36
336 35
332 39
356 32
379 42
341 37
263 25
351 28
342 26
393 43
351 36
389 47
235 47
291 42
265 46
356 37
342 32
293 33
375 30
296 39
286 36
299 42
286 28
224 41
387 42
376 46
227 44
361 29
314 27
397 29
267 41
321 33
360 40
290 46
287 46
228 37
332 46
330 37
203 31
305 25
212 44
302 37
235 40
217 32
345 24
382 39
344 28
217 43
341 35
375 28
202 26
386 31
279 47
231 27
339 32
297 44
399 40
235 28
264 36
344 40
207 25
216 33
372 41
274 30
208 32
341 36
384 38
339 37
392 43
326 40
211 26
266 45
280 38
201 47
282 32
375 43
374 26
246 32
360 41
297 46
373 26
384 34
234 44
350 45
296 26
323 36
390 45
368 36
397 36
282 23
299 31
235 42
379 43
210 27
289 36
376 29
249 43
265 40
282 29
261 41
353 25
253 41
399 27
365 28
393 31
309 40
338 30
390 33
334 43
388 30
343 38
272 46
269 36
327 37
299 33
326 24
274 44
379 38
393 39
341 38
303 40
232 46
315 27
222 30
265 44
385 36
216 30
224 28
395 28
303 26
272 28
325 28
211 24
294 37
361 38
257 25
266 30
249 32
254 31
258 35
395 44
391 45
312 26
228 39
286 43
313 26
326 44
249 23
385 36
210 27
222 30
364 23
231 45
351 31
249 35
291 41
400 28
266 35
290 39
319 29
292 40
250 35
356 23
368 46
305 41
304 29
214 23
245 32
228 42
288 35
340 26
336 36
246 33
296 46
327 37
315 25
318 41
289 33
347 44
277 40
333 39
354 28
273 41
328 26
319 33
257 31
354 28
219 29
388 40
208 26
366 31
359 32
356 33
330 41
223 26
316 29
393 24
286 26
321 38
321 43
220 39
387 42
328 44
223 30
254 37
357 31
347 24
323 30
356 39
305 40
350 30
346 26
204 47
379 41
297 45
286 30
351 23
204 36
370 46
263 27
253 24
298 32
213 38
353 38
289 43
218 31
279 46
232 28
288 36
368 31
212 37
244 46
233 38
224 31
299 33
383 31
307 25
353 43
330 30
303 41
305 25
302 42
329 44
329 42
384 30
257 37
279 25
286 45
394 36
319 29
251 44
373 32
325 37
286 24
386 46
312 46
225 31
329 43
316 25
344 36
372 39
378 39
232 30
359 35
326 46
241 41
400 24
333 26
358 25
378 46
226 43
357 28
298 29
392 28
246 45
259 42
226 43
270 30
399 27
238 25
314 43
288 42
282 29
249 27
245 40
385 30
393 33
238 37
272 39
335 37
372 27
285 42
313 32
365 40
362 41
332 40
289 45
302 37
292 33
236 32
320 37
378 39
303 35
314 29
363 33
228 35
211 36
321 36
335 35
357 25
370 45
389 29
223 34
208 34
371 38
259 44
323 26
303 29
216 31
268 25
347 45
204 25
354 30
251 31
369 35
335 33
267 33
289 34
230 38
379 32
338 37
299 23
257 25
205 46
223 32
222 45
281 34
267 45
362 35
326 43
340 35
243 35
245 41
299 40
341 37
287 38
206 40
246 39
360 39
355 46
386 25
372 32
259 28
391 42
214 34
314 35
240 23
212 45
369 24
366 36
220 34
344 43
322 27
374 29
361 43
389 40
350 26
329 41
310 32
302 35
266 45
257 39
275 27
318 46
226 24
248 39
368 26
258 42
380 31
318 38
333 34
318 28
382 46
244 24
219 41
265 39
315 43
214 41
309 24
237 25
262 29
350 34
371 25
271 39
258 28
395 33
215 29
319 23
338 38
298 44
389 30
385 25
321 36
248 33
328 23
279 37
206 24
370 26
223 41
284 32
295 36
269 45
376 45
261 29
305 24
211 28
314 31
363 47
325 23
364 42
320 29
263 35
324 32
308 40
232 27
306 30
256 25
287 44
227 25
243 29
390 24
301 25
257 38
301 33
203 32
243 41
265 41
303 44
366 37
371 27
250 42
260 42
325 29
255 23
251 30
363 33
393 27
304 33
303 37
331 43
228 33
235 24
287 24
233 46
223 31
308 27
326 42
352 44
241 36
308 38
399 33
203 42
268 46
365 27
354 34
330 36
240 26
278 31
330 28
224 36
292 31
219 32
230 30
379 42
363 30
251 36
374 27
209 46
359 34
268 33
337 30
362 29
313 24
203 24
389 39
314 33
396 27
213 41
356 36
321 30
287 41
200 36
373 25
263 42
383 25
256 29
321 24
252 41
201 26
260 34
385 25
348 28
352 36
336 46
315 24
329 24
327 46
327 30
341 44
352 35
241 46
377 47
364 39
275 44
392 39
384 27
347 31
291 45
306 32
266 25
332 27
363 46
248 40
361 43
374 30
231 36
280 30
265 45
347 37
202 40
347 33
373 34
355 23
202 37
294 24
248 45
256 26
385 46
383 34
394 32
288 32
270 24
280 23
287 32
303 35
383 36
352 37
326 26
289 39
283 40
362 37
384 36
331 43
345 26
231 26
255 35
325 27
213 24
327 39
354 36
398 37
329 27
370 45
258 26
204 35
319 29
342 24
232 30
398 25
389 30
284 36
219 31
323 41
304 28
203 25
241 45
290 42
303 25
235 33
226 35
340 45
370 44
291 24
251 25
325 33
257 30
275 39
242 29
336 38
334 27
259 37
242 27
271 38
258 41
264 28
268 33
372 39
269 40
372 27
349 29
286 43
253 29
264 47
258 47
302 34
285 35
399 33
250 27
230 43
360 37
357 39
311 30
317 37
293 27
326 31
211 27
210 36
316 46
399 30
264 44
302 33
365 23
211 34
329 31
308 42
237 35
212 42
364 25
351 33
391 42
292 36
226 35
278 43
281 24
271 30
329 42
367 25
387 47
212 24
303 45
338 37
383 29
319 41
390 39
293 25
230 35
268 27
284 28
266 31
394 36
358 35
230 40
296 27
297 38
248 24
258 27
236 36
227 30
239 38
363 42
308 34
244 41
345 34
210 27
238 25
238 44
246 34
331 31
211 40
383 37
350 28
377 26
387 27
374 46
283 25
339 45
271 34
292 42
217 38
375 42
368 25
249 25
296 34
300 35
227 39
319 40
382 36
238 45
361 27
352 36
226 39
245 41
358 36
319 24
213 46
208 31
350 37
245 38
290 37
249 44
346 30
324 42
313 32
322 37
329 40
358 32
275 41
350 31
230 46
365 24
357 34
273 33
385 29
251 46
360 43
362 27
288 35
331 28
269 41
328 36
223 37
330 46
280 28
376 30
394 45
300 45
361 26
226 26
231 30
358 41
318 29
390 45
369 33
395 34
269 37
347 38
330 43
248 45
291 29
372 36
312 29
327 25
340 43
374 33
316 30
267 43
286 44
291 30
250 27
218 34
252 46
296 34
203 37
352 37
267 33
337 44
215 46
241 27
253 36
239 37
258 38
320 40
279 28
322 25
213 46
230 27
323 42
384 43
253 29
248 45
248 30
300 35
338 40
329 25
380 31
309 35
225 39
224 27
396 24
376 45
208 25
322 30
346 43
324 43
267 26
398 33
310 35
262 39
284 26
246 36
266 41
340 39
252 35
400 31
269 39
371 34
351 32
389 40
339 38
259 45
294 30
284 45
375 25
266 34
382 33
265 26
388 46
323 33
383 28
238 41
399 38
388 45
312 41
250 41
389 47
386 37
370 40
206 44
286 27
394 26
278 43
283 40
297 42
235 32
272 43
375 43
304 42
263 36
284 34
352 41
276 35
294 40
375 24
306 23
365 30
249 44
237 41
349 40
336 30
316 32
311 32
226 27
266 36
300 38
283 40
277 27
328 45
389 34
327 46
369 31
278 42
358 42
241 34
341 44
221 32
234 35
314 44
328 42
212 37
302 43
302 30
326 38
375 37
253 44
273 35
220 32
394 31
303 24
302 40
259 39
305 44
358 31
213 27
322 26
263 39
398 37
220 34
245 33
287 26
348 47
326 44
288 47
286 47
378 24
267 46
321 27
243 39
317 30
258 28
374 41
266 35
338 39
233 31
398 27
272 33
269 45
223 33
314 41
214 30
307 30
224 40
284 36
246 30
203 46
393 29
293 38
337 39
318 34
326 33
251 34
373 37
225 24
285 31
231 27
335 33
353 29
230 36
385 38
292 38
326 34
332 33
377 41
241 36
389 40
249 26
246 29
398 42
313 34
290 41
371 28
205 46
277 35
385 39
351 35
260 37
206 29
311 42
202 36
231 45
322 27
272 45
207 31
382 46
303 24
363 28
271 25
225 30
327 44
258 26
373 41
209 27
301 41
223 38
245 43
388 28
277 33
311 34
267 41
361 40
389 46
293 43
292 39
289 23
276 34
398 42
312 44
383 44
306 30
362 24
206 24
202 37
208 24
395 32
335 40
244 39
243 45
266 47
271 39
355 39
343 38
331 29
246 45
264 35
389 45
253 39
344 39
355 26
349 26
394 44
233 26
399 44
297 37
260 24
254 38
280 38
313 33
282 36
242 31
211 45
321 43
221 31
288 39
250 40
267 39
356 33
375 26
298 35
275 29
276 24
267 27
223 45
300 28
339 24
224 26
291 33
337 27
299 33
227 35
249 39
276 36
379 32
355 46
394 31
325 23
236 38
252 31
203 25
225 28
238 30
318 44
300 31
242 24
315 25
389 24
362 38
217 30
234 27
233 33
252 27
355 33
375 32
264 39
240 32
367 27
344 41
220 36
251 39
291 24
235 42
338 27
341 28
243 23
328 45
359 31
308 27
386 46
246 31
348 40
260 30
298 37
344 38
231 45
330 42
376 37
242 34
335 33
257 38
226 39
202 23
204 28
365 38
258 25
210 41
260 44
245 41
281 31
370 27
250 28
330 26
292 31
330 43
325 35
384 39
312 25
334 36
390 38
242 44
275 42
226 45
312 39
306 28
275 32
201 37
304 27
308 47
220 34
369 31
263 45
390 32
220 37
214 37
203 34
315 30
262 29
235 44
349 25
225 38
298 47
234 45
299 44
346 45
281 27
207 42
200 29
373 23
254 34
340 30
293 41
204 44
242 31
278 31
326 28
396 27
233 29
221 28
231 40
380 41
317 42
311 39
205 25
353 30
230 42
240 40
385 38
257 23
303 43
349 34
381 46
362 26
375 46
363 45
284 34
374 36
315 45
370 32
216 30
211 28
205 39
390 24
359 36
292 34
212 45
349 40
277 40
308 40
370 29
349 25
295 25
211 46
379 36
200 25
228 37
317 44
215 25
323 42
395 35
315 26
307 28
303 33
326 37
291 43
395 39
245 28
314 36
323 33
251 38
395 30
204 41
221 29
379 32
238 40
306 47
250 28
288 35
220 23
252 39
240 37
325 46
387 40
215 30
395 30
327 42
257 41
330 35
285 46
244 29
396 24
326 25
258 34
232 41
224 41
310 42
329 34
375 24
341 23
362 34
239 41
340 39
206 45
363 43
253 34
275 35
277 29
229 30
281 26
379 29
224 32
206 31
313 33
266 24
384 42
315 34
397 30
397 40
346 33
319 41
337 35
331 30
329 26
375 40
391 29
342 42
351 36
380 35
317 27
224 29
287 30
266 32
391 41
331 35
284 35
248 33
291 34
338 39
268 32
283 45
271 26
275 40
380 46
357 43
241 31
387 36
345 46
380 46
351 41
256 32
391 35
287 40
306 47
292 42
345 30
261 42
351 45
265 41
355 24
263 28
266 30
397 32
221 25
377 35
316 34
352 37
359 40
398 32
350 38
291 24
367 27
388 26
220 27
252 46
326 45
345 45
283 33
223 28
278 41
250 25
369 44
281 28
252 43
300 32
278 36
232 47
374 35
297 28
343 31
211 42
309 28
277 29
211 31
380 32
293 29
375 38
218 46
397 27
282 47
365 30
211 35
386 26
352 37
247 34
362 31
307 47
310 26
370 35
272 35
279 41
393 25
225 43
225 28
346 25
351 29
247 33
272 40
216 35
315 29
383 25
283 44
283 32
295 30
277 37
226 35
390 43
306 28
277 28
354 46
375 26
371 33
260 42
340 41
232 35
220 37
375 24
308 23
393 29
292 39
384 43
393 30
310 44
370 41
303 34
385 27
390 37
241 38
201 38
260 39
328 31
339 29
366 35
219 31
340 24
344 24
335 44
244 41
334 36
377 40
267 36
244 35
222 39
212 27
290 25
324 35
258 35
319 33
317 36
328 24
227 45
314 27
324 43
254 41
325 26
313 26
389 32
285 28
355 43
310 31
211 40
374 30
234 41
367 26
243 38
222 34
351 44
221 44
388 27
210 43
251 25
289 26
214 46
206 34
215 25
291 29
227 38
291 42
345 25
358 26
233 39
223 35
267 25
394 41
230 40
273 43
253 40
231 31
270 39
331 30
298 33
378 41
323 42
204 46
206 30
271 44
241 40
339 40
314 43
363 32
270 43
275 45
281 32
272 27
344 36
204 29
352 30
302 46
264 27
389 47
394 30
317 25
336 44
226 36
240 37
400 42
252 29
292 25
254 27
231 29
351 38
214 36
262 45
342 29
359 24
321 27
335 42
354 45
349 35
302 41
299 30
257 36
394 42
288 30
329 44
214 41
310 45
255 28
380 45
243 42
307 29
327 24
324 23
303 38
365 35
282 33
373 28
329 38
272 41
341 36
321 43
352 34
291 25
353 37
251 33
273 39
366 37
290 32
210 33
382 25
282 47
311 30
232 43
290 38
329 40
391 29
377 23
219 27
282 26
228 45
277 24
321 25
234 37
275 28
303 28
369 30
292 23
280 26
356 46
301 27
387 39
306 32
375 30
353 34
268 24
296 32
291 30
201 31
382 45
293 41
369 29
211 42
223 27
320 46
257 46
246 37
265 37
364 29
308 34
291 36
317 40
285 28
279 44
281 45
239 38
384 37
258 35
320 32
330 39
240 42
375 45
339 34
399 33
281 38
324 40
319 36
359 31
219 38
272 26
312 44
300 35
241 47
272 35
353 24
320 34
328 34
275 37
288 33
341 23
206 32
255 47
231 30
302 42
271 30
279 27
350 32
373 41
302 30
343 39
388 45
324 47
352 30
285 41
382 24
214 35
255 41
248 31
210 30
222 47
368 40
385 42
217 29
384 38
280 45
322 34
242 44
346 31
362 46
313 40
326 33
392 47
254 28
226 27
218 34
365 29
369 33
375 31
327 41
326 36
399 39
315 44
268 39
387 32
258 44
320 38
388 44
360 40
351 34
317 38
207 41
222 39
336 33
318 29
253 35
301 32
280 30
237 36
236 42
341 44
339 47
209 44
273 30
285 42
345 26
359 30
330 26
223 46
267 42
349 29
287 32
216 44
395 29
265 47
287 34
378 25
333 35
358 42
210 27
391 31
299 44
228 25
348 24
398 29
319 32
220 44
308 25
234 35
342 41
298 33
346 29
281 36
275 25
363 26
368 29
362 33
398 46
303 42
261 37
226 36
213 27
332 24
300 38
282 33
389 30
319 38
233 34
370 39
209 24
271 47
223 46
290 45
278 36
211 39
311 28
278 45
234 47
219 47
231 26
337 35
262 30
241 47
331 41
351 27
258 44
290 25
215 29
237 28
270 43
208 29
261 40
237 26
294 46
241 29
267 38
385 36
299 29
394 25
246 35
352 28
340 30
352 24
344 33
306 24
303 42
310 24
286 27
273 40
207 37
269 27
295 37
203 43
268 28
354 24
233 25
225 39
260 40
286 35
299 38
206 41
224 36
273 31
341 46
227 43
333 24
370 34
206 25
262 25
364 45
341 38
348 30
326 41
233 39
361 34
323 27
362 44
351 45
369 35
203 43
228 39
231 39
261 33
322 34
337 26
288 47
269 24
323 27
285 29
338 33
239 34
399 34
396 30
225 38
372 34
273 33
303 30
201 30
288 34
349 31
242 30
350 26
285 25
300 27
218 36
351 30
365 32
400 29
368 38
387 44
278 27
364 29
305 34
399 34
323 26
367 28
362 44
284 37
397 42
352 32
272 42
241 41
344 44
262 23
396 31
308 41
357 34
293 44
201 30
324 41
214 27
395 33
228 29
337 35
279 36
242 45
337 27
274 27
297 26
305 35
393 37
391 28
228 25
256 28
373 29
229 39
393 41
350 42
324 35
348 40
289 45
378 43
267 23
397 24
210 46
321 24
325 30
360 26
380 29
331 46
371 37
288 31
375 27
273 39
258 32
293 28
315 30
294 23
335 41
323 39
216 34
303 46
338 46
241 40
398 33
387 36
236 44
268 45
335 37
310 38
316 38
241 43
282 30
285 45
209 46
348 24
371 44
258 30
330 35
253 41
224 42
269 45
301 37
298 27
268 33
332 46
308 33
289 31
269 33
275 34
396 35
273 34
346 33
362 38
306 31
382 35
289 33
208 31
288 42
356 46
295 44
273 38
266 24
362 44
217 29
369 27
279 42
385 24
206 43
377 43
325 32
203 44
386 24
246 38
204 43
398 30
244 42
232 40
304 34
211 24
333 46
303 36
351 40
201 41
384 31
237 33
274 23
364 38
397 38
257 33
316 40
370 26
268 40
271 34
263 31
395 28
265 43
330 36
277 25
311 46
373 43
359 35
213 46
348 36
260 37
293 32
211 43
206 27
385 27
314 35
387 25
281 44
356 41
230 46
252 31
257 29
374 45
329 46
264 24
357 29
391 34
357 36
288 24
349 46
365 24
344 35
334 26
384 34
277 46
335 32
361 46
349 23
314 31
304 33
225 45
272 44
227 44
206 26
375 44
283 23
261 29
332 24
213 39
218 43
220 30
330 30
336 47
329 43
275 36
291 43
201 41
336 40
357 42
227 42
394 45
346 41
379 25
225 42
381 39
345 41
377 40
327 30
223 23
238 28
345 27
392 32
354 43
216 36
383 38
206 46
302 40
254 34
205 37
377 39
368 36
379 28
206 41
265 27
330 45
271 24
324 24
376 25
264 42
213 39
341 26
315 34
351 26
317 43
343 29
205 43
385 30
266 39
260 28
258 23
258 37
345 25
283 41
212 23
394 36
230 26
325 35
227 40
279 37
360 27
269 24
378 45
398 29
374 35
290 47
352 30
231 41
380 45
391 24
376 28
338 40
369 30
360 46
239 32
313 37
229 25
207 31
255 25
386 32
372 26
306 27
303 33
246 43
301 27
316 28
396 27
269 32
274 35
207 27
278 43
332 25
339 32
278 31
298 40
344 46
255 38
326 32
359 40
332 41
372 37
267 41
323 33
370 30
305 23
252 31
336 41
232 41
293 30
217 44
256 27
270 26
324 32
287 35
314 41
250 29
390 31
260 37
397 30
312 26
352 45
351 29
380 28
273 25
226 43
382 44
364 33
357 31
336 44
369 36
377 29
324 33
326 28
285 30
240 30
304 33
331 28
396 35
333 46
239 33
219 46
378 41
349 28
269 43
384 31
315 38
364 30
288 27
295 45
382 40
400 30
314 29
222 46
239 43
364 38
276 46
399 23
237 46
243 30
242 33
373 46
286 29
201 36
232 26
226 31
398 25
271 40
216 24
261 44
255 39
256 29
272 39
365 47
292 28
375 28
294 43
313 39
373 26
280 30
221 40
247 35
212 30
207 32
396 41
347 32
212 45
387 35
228 45
240 41
316 25
332 39
316 36
350 40
324 34
371 37
283 28
310 45
217 43
250 37
260 34
285 40
370 32
302 41
270 34
248 28
263 46
320 42
200 24
216 25
334 30
282 27
344 37
240 24
371 23
334 43
376 33
341 32
296 23
266 32
388 24
255 39
347 34
324 36
357 28
258 31
348 25
261 30
286 32
379 34
315 46
292 29
217 25
219 30
232 31
367 46
207 42
285 41
278 24
320 33
315 23
371 46
227 45
287 24
318 44
203 24
345 36
320 27
393 39
388 38
292 44
373 33
236 31
369 34
389 23
378 27
336 27
384 46
333 27
241 32
240 26
251 38
203 38
354 37
293 37
364 34
273 23
232 33
264 35
372 36
355 23
299 30
226 45
339 33
300 41
240 41
257 26
356 44
219 46
300 46
254 46
357 27
390 34
210 24
280 29
225 44
279 31
349 28
393 43
230 46
258 38
308 27
262 40
370 42
316 40
394 25
254 32
225 32
258 40
346 44
256 29
294 34
219 46
347 42
374 37
267 45
296 34
257 32
326 31
329 29
288 34
395 38
398 32
268 30
231 25
227 38
260 39
330 42
387 27
375 24
323 36
213 45
243 41
388 42
380 43
305 36
254 41
284 24
378 26
352 27
296 44
257 31
388 38
299 27
254 40
363 28
324 35
268 27
360 46
270 33
285 33
226 29
321 26
356 30
342 44
392 38
346 28
251 25
214 40
344 41
270 43
373 38
361 38
348 46
331 43
294 33
293 29
374 24
311 40
299 35
314 34
213 30
336 29
204 39
355 32
266 34
358 29
300 23
341 32
321 29
390 29
221 44
399 24
263 44
373 23
324 28
346 37
293 44
215 30
265 34
376 27
202 36
208 26
271 41
341 43
284 34
355 26
315 26
282 43
219 44
224 24
219 46
362 39
377 33
360 46
284 35
271 45
279 41
216 37
208 35
232 44
260 30
269 37
223 25
380 34
397 31
332 28
220 46
206 33
277 34
298 46
332 31
290 31
293 29
336 23
400 39
284 35
376 26
272 44
349 28
270 25
363 30
214 36
337 37
256 30
243 40
214 29
364 25
337 40
349 38
288 37
228 41
392 45
308 32
242 30
334 44
293 25
226 42
261 47
208 40
311 32
373 30
313 39
242 47
392 44
316 24
362 24
318 40
352 43
264 32
369 39
303 29
242 38
374 36
325 35
231 30
370 32
288 43
387 44
348 46
316 24
344 33
285 27
289 40
283 37
343 33
323 25
365 42
350 46
258 37
394 29
296 45
348 35
339 38
296 37
384 42
355 39
396 42
208 32
215 35
383 24
214 45
386 34
349 34
347 36
298 44
393 26
300 25
358 33
357 42
246 25
294 30
327 33
222 39
271 37
263 42
330 33
295 40
204 45
397 43
379 28
287 34
207 27
375 37
231 47
350 28
388 32
353 37
359 41
322 32
304 46
377 36
266 32
325 25
213 26
260 32
375 40
358 29
351 24
398 27
326 32
257 36
371 44
371 32
391 30
375 41
235 39
290 23
216 34
297 37
291 34
258 34
261 42
361 30
264 37
380 31
367 46
277 29
327 44
234 25
232 37
315 44
212 42
331 25
220 42
315 32
350 34
213 36
203 41
221 38
274 38
251 24
250 37
298 39
281 43
356 24
236 37
363 44
282 23
223 29
375 23
316 30
270 33
222 35
380 45
280 27
351 24
219 47
219 26
269 43
244 37
267 47
282 30
241 25
313 24
328 36
330 28
219 42
357 38
206 24
203 32
394 29
393 29
370 26
279 40
280 42
329 38
317 25
216 37
207 26
315 40
272 37
349 25
373 45
215 43
310 26
218 46
263 30
225 35
268 37
286 24
284 40
395 24
365 39
370 43
268 42
374 45
361 39
207 40
290 36
215 40
376 39
352 46
265 28
335 40
372 40
365 36
391 40
221 30
330 25
223 34
268 29
359 39
348 41
311 24
272 23
226 43
385 38
296 42
261 40
379 27
295 23
357 42
210 24
327 26
292 34
342 27
326 40
257 25
229 29
400 37
381 30
274 46
296 24
337 31
239 41
231 43
255 26
292 27
347 30
329 43
259 31
389 39
314 39
276 23
383 47
266 30
390 44
309 31
302 34
377 27
223 26
327 31
224 45
298 29
384 42
341 32
355 24
316 29
236 34
318 46
203 43
295 26
292 23
397 25
225 39
341 46
217 25
331 31
397 23
360 29
244 33
244 27
304 41
345 30
226 45
363 43
231 23
243 39
279 40
236 31
280 25
258 38
343 26
305 40
241 26
336 42
392 30
291 39
208 33
381 43
247 29
399 43
274 35
341 24
331 24
271 34
400 40
227 33
203 40
375 37
352 44
267 36
233 34
385 43
257 31
287 42
400 43
303 34
313 39
290 28
321 40
231 32
382 46
392 30
384 24
211 38
208 45
302 38
354 44
234 40
358 42
356 38
320 38
236 36
400 45
227 25
394 46
380 27
258 31
227 31
335 24
208 37
238 30
279 40
322 33
218 47
241 46
340 35
397 25
390 27
398 27
273 45
306 24
375 31
290 36
362 28
323 45
221 35
336 44
335 45
312 35
388 41
289 26
379 46
341 32
374 29
315 24
238 43
353 42
399 42
323 37
269 40
231 26
204 30
333 36
231 43
221 44
258 35
315 42
338 40
245 24
217 39
291 24
277 36
224 28
349 37
379 44
215 29
211 37
255 39
397 36
250 43
307 26
307 27
348 43
372 36
271 44
339 24
273 23
327 33
302 37
384 37
255 42
383 30
274 45
206 28
354 36
213 30
266 29
393 38
380 27
300 43
203 35
313 47
371 38
265 37
216 46
353 29
258 45
324 26
335 43
260 37
348 28
392 36
308 26
280 25
290 30
263 36
366 34
322 32
376 33
319 43
282 29
227 28
356 42
308 25
276 31
213 34
334 31
370 34
264 34
226 32
227 47
232 33
352 37
341 34
321 26
389 31
399 33
247 28
350 41
361 33
265 31
241 28
241 43
338 39
260 33
274 41
358 33
343 40
203 42
388 28
230 44
228 31
395 37
217 30
275 29
324 24
201 31
278 43
330 44
329 25
250 29
302 34
304 39
337 28
281 42
328 29
374 32
358 32
373 37
383 30
229 27
297 29
364 26
360 27
223 37
361 44
307 42
268 45
318 25
254 27
210 24
286 39
242 38
340 26
386 26
286 37
365 26
374 26
384 31
279 38
313 36
373 25
392 23
220 36
293 47
375 37
223 44
350 35
262 45
382 36
300 37
278 31
377 46
288 40
276 33
386 45
260 39
274 27
310 27
393 43
300 37
315 45
303 32
248 28
233 45
272 31
388 38
395 46
312 45
291 37
253 44
390 43
388 35
391 32
248 39
320 44
361 35
290 40
324 42
231 46
316 24
282 35
338 40
242 32
384 39
251 25
256 25
325 46
330 23
263 33
398 32
342 33
370 30
311 35
226 36
247 36
208 26
236 32
348 39
352 37
291 46
276 36
235 47
390 36
254 38
274 40
380 39
364 24
289 47
372 28
270 39
285 32
217 30
377 33
336 44
376 30
322 31
354 31
383 41
346 41
362 42
235 28
352 39
372 44
395 29
320 24
342 44
214 25
320 43
271 26
371 27
248 24
235 41
309 31
239 26
256 35
244 42
278 29
328 32
357 24
285 42
319 43
238 40
332 46
352 35
298 24
244 42
351 31
370 33
339 29
220 43
373 37
230 28
340 41
361 36
247 38
212 38
260 40
215 27
227 30
282 40
399 39
396 26
293 32
379 33
299 28
394 29
276 40
330 45
316 39
232 31
259 45
263 43
353 33
282 29
329 33
206 41
297 45
381 46
255 23
255 38
261 36
390 44
301 30
385 27
277 38
366 24
390 34
253 38
233 37
393 25
389 29
250 28
225 46
344 39
391 47
371 45
274 42
338 30
209 25
214 33
226 44
279 34
371 28
221 32
302 29
313 40
290 46
212 26
329 23
349 37
374 42
210 26
375 33
207 26
218 46
288 41
335 30
219 31
397 25
326 46
390 28
317 41
222 23
248 33
383 23
249 23
304 46
327 24
331 36
270 41
328 24
366 33
223 42
236 42
201 26
316 41
215 34
219 28
354 32
261 25
370 38
353 43
393 30
382 31
247 43
248 44
268 30
325 33
323 30
383 25
246 44
364 25
231 42
252 27
220 46
306 30
359 40
223 43
292 42
263 25
291 33
268 43
342 25
361 26
318 27
314 40
351 25
371 35
342 27
294 38
245 43
307 31
201 30
304 32
213 36
298 30
216 34
245 47
304 42
362 28
288 37
398 41
253 25
242 26
271 31
291 34
356 40
268 43
351 43
263 38
310 34
367 31
241 43
257 33
278 40
241 35
362 37
266 27
393 41
348 29
284 45
324 24
280 24
388 32
339 30
276 44
339 27
291 39
391 42
319 47
311 31
356 47
370 33
312 23
339 36
205 23
261 32
340 32
253 25
395 35
353 36
377 41
321 29
310 37
293 35
296 24
221 39
320 43
345 25
388 32
306 27
388 35
394 24
343 26
352 26
337 44
228 25
300 23
356 44
241 45
347 26
375 26
347 37
367 27
219 34
231 28
234 34
299 41
202 44
352 27
376 42
298 36
282 27
354 37
343 27
314 34
241 26
383 38
249 27
317 35
393 46
388 35
244 31
345 27
287 25
305 37
254 29
286 24
310 27
384 45
201 46
246 42
298 24
355 34
337 36
395 45
326 36
342 25
372 37
257 37
202 36
353 35
245 40
259 33
327 35
347 33
328 26
291 37
283 43
303 39
297 44
260 34
201 34
393 46
313 30
310 35
289 40
238 45
327 37
373 47
215 38
379 30
237 47
223 30
238 29
309 37
344 47
379 43
250 27
212 35
339 36
216 34
391 41
388 43
345 34
395 34
258 34
200 30
383 29
271 41
247 35
268 30
302 40
236 25
272 35
222 31
394 44
243 24
385 39
263 26
298 33
219 46
228 32
222 28
253 43
379 29
268 28
329 27
270 44
206 27
207 44
240 35
291 46
316 38
310 26
245 27
344 32
255 46
344 29
235 27
239 39
328 44
224 25
374 36
247 32
326 30
349 28
288 35
325 42
346 31
285 26
327 28
351 32
257 33
361 30
267 47
240 37
366 41
287 33
347 26
291 28
222 42
303 30
235 40
261 40
243 23
342 46
381 27
261 35
356 42
218 31
265 43
365 47
252 24
263 44
238 46
262 39
366 32
379 42
304 45
209 42
376 44
253 42
207 26
242 33
306 24
262 28
329 45
350 33
399 25
210 27
290 39
280 35
213 30
216 40
379 41
210 40
399 33
350 40
281 32
349 46
240 35
365 25
266 34
256 40
367 23
229 42
285 36
204 34
294 30
242 29
222 30
224 44
391 40
226 23
366 25
264 40
206 44
369 30
299 37
288 44
283 39
254 33
398 47
243 37
223 37
339 35
234 38
226 41
335 27
223 31
334 41
321 40
205 36
232 34
293 33
253 39
357 45
365 46
304 26
311 31
231 33
258 23
351 39
299 30
329 34
212 34
285 41
399 33
290 29
380 35
333 43
327 32
382 45
316 44
325 36
211 40
292 24
323 41
267 23
288 42
279 44
330 37
331 32
346 30
343 24
254 46
282 24
385 41
331 40
378 40
307 42
310 41
291 24
217 32
301 24
380 40
210 23
386 27
357 26
305 36
390 46
290 36
322 36
310 46
326 26
213 30
321 32
319 44
249 43
316 32
385 29
383 36
321 44
209 39
275 41
233 35
287 35
295 40
216 32
262 29
345 36
369 37
327 43
292 36
278 37
219 29
278 27
342 44
286 45
269 26
388 29
365 42
359 36
297 31
295 26
229 42
245 24
384 34
252 33
392 41
291 33
347 31
272 34
224 43
238 43
222 31
378 32
368 37
330 42
283 29
374 47
249 41
264 30
329 29
383 34
234 32
246 31
209 27
390 43
282 42
258 40
303 44
283 30
326 25
298 37
393 36
371 32
341 23
323 26
232 43
357 32
226 35
218 28
247 34
321 30
223 24
236 44
296 42
241 31
299 29
371 30
253 35
202 46
397 41
376 37
268 36
365 36
205 34
335 35
333 37
223 40
256 35
328 25
345 33
278 44
256 28
369 26
270 44
386 39
330 40
327 32
291 32
321 41
373 40
309 24
373 24
396 32
251 28
335 33
302 46
231 27
235 44
372 26
238 41
293 43
263 33
311 43
354 44
389 35
360 31
373 24
287 42
335 40
229 40
384 24
266 34
245 30
374 45
376 30
263 27
311 34
362 33
387 46
360 28
388 31
248 27
359 25
314 27
353 41
393 42
224 46
358 29
346 31
247 26
292 37
382 28
391 31
390 24
258 36
394 34
384 33
397 31
210 40
375 45
219 25
312 32
351 39
391 37
276 45
272 36
292 40
227 26
216 27
287 45
369 39
291 26
223 38
384 47
212 46
376 27
364 29
384 30
398 46
297 23
224 38
297 36
313 38
367 37
231 42
246 41
263 42
334 36
222 28
217 39
269 33
394 35
205 30
289 43
267 34
269 31
237 44
336 28
362 47
226 39
356 44
295 33
239 31
292 39
330 43
349 41
209 27
309 33
308 41
382 34
265 25
206 39
313 45
231 31
220 29
324 34
268 40
208 37
391 46
296 36
342 30
301 37
364 33
392 43
240 31
348 27
382 28
279 41
296 43
209 44
371 44
371 41
365 45
210 47
328 26
286 35
247 47
254 31
358 37
328 42
244 25
383 26
361 29
326 24
211 28
337 46
283 34
301 33
269 38
383 24
388 42
313 39
275 38
333 45
261 35
307 41
397 44
375 45
312 39
389 45
258 30
376 23
241 45
393 42
300 23
337 24
385 33
205 42
294 45
202 23
343 46
269 36
315 46
314 28
315 33
393 38
320 36
205 32
376 24
281 44
213 29
316 38
314 35
373 32
250 46
238 33
357 33
356 33
261 38
323 40
330 36
360 45
344 38
338 40
300 29
295 42
222 43
272 24
218 39
380 31
205 30
312 31
218 43
220 44
333 38
367 35
256 24
217 31
314 36
201 24
267 39
347 27
344 27
272 43
232 30
235 36
215 44
285 30
206 46
218 30
231 28
346 25
270 46
356 25
269 25
241 29
298 33
258 37
322 31
227 26
312 37
254 40
392 25
254 29
287 43
303 46
200 25
328 42
287 34
361 26
398 40
246 28
277 42
201 36
229 39
222 36
224 47
239 24
316 26
339 28
242 33
370 40
380 26
348 37
221 25
355 39
244 24
231 25
249 27
325 35
384 45
210 46
254 47
342 42
372 30
261 31
381 44
270 28
362 33
277 46
321 42
282 28
237 37
220 34
335 39
266 26
292 47
352 29
330 40
258 39
346 31
303 34
218 34
216 42
392 39
320 44
264 43
309 36
354 45
295 42
380 41
289 38
200 35
399 33
257 41
328 38
314 27
325 31
313 46
328 43
311 33
316 38
279 40
267 44
317 39
285 24
371 23
236 29
214 29
381 30
324 38
323 36
215 34
208 36
352 27
258 24
290 28
387 27
338 30
361 39
339 23
310 30
225 24
269 44
221 25
252 35
397 28
207 38
244 34
289 37
326 46
249 42
322 30
261 26
225 33
300 43
200 46
216 27
212 32
385 31
377 28
256 33
373 30
262 36
225 44
356 28
388 24
258 45
265 41
267 27
241 27
302 43
369 33
206 42
317 35
299 24
350 46
275 33
357 37
211 46
299 35
211 39
310 26
234 36
233 43
259 45
312 44
244 35
287 46
251 36
333 39
246 40
292 45
213 34
367 35
338 46
303 37
270 29
310 24
309 43
230 32
322 43
209 36
334 35
295 41
377 38
227 31
373 47
203 41
244 25
306 25
316 38
228 27
321 43
257 42
370 25
361 38
364 42
326 35
279 26
280 36
205 47
267 40
272 29
202 27
280 39
394 37
271 32
339 46
268 42
328 34
273 41
276 40
341 29
256 28
315 25
376 40
315 34
277 35
210 39
238 30
339 41
217 45
235 38
289 38
368 24
211 36
267 32
325 24
362 41
233 26
206 30
378 29
266 27
225 42
228 23
272 24
248 43
314 30
383 43
314 41
288 45
240 28
346 41
367 45
227 27
374 39
238 36
326 36
371 37
252 35
363 44
293 33
220 39
312 28
373 42
283 34
327 26
219 44
235 31
382 40
235 33
375 43
278 27
250 29
221 44
259 36
204 30
220 36
232 38
338 27
286 42
313 41
298 45
295 24
270 37
358 30
208 32
341 42
242 38
257 27
239 33
238 30
260 43
351 28
331 40
370 31
292 34
241 44
344 27
372 30
265 31
342 33
295 31
398 42
357 45
332 25
267 41
271 28
245 24
390 32
209 23
234 45
209 45
251 27
209 39
295 45
235 31
393 38
250 33
357 42
389 45
352 36
357 45
339 29
257 33
226 38
210 44
380 29
370 33
262 37
311 40
205 39
342 42
390 44
271 27
374 47
302 30
363 26
318 23
333 38
283 35
202 30
381 30
395 32
399 32
235 44
315 31
258 30
281 30
306 23
371 29
320 35
389 29
261 36
339 38
276 36
205 41
328 27
387 42
343 46
238 39
390 43
376 36
342 43
258 32
246 26
336 24
317 29
374 31
251 44
283 31
270 38
233 28
294 25
204 27
278 42
359 44
311 26
337 42
253 43
313 31
365 28
375 44
274 25
292 46
353 33
354 35
337 27
283 25
243 44
248 37
304 38
334 28
221 46
340 39
231 38
353 40
214 44
316 24
253 40
219 39
291 43
293 40
358 27
338 46
391 36
209 42
374 43
247 45
368 32
369 39
307 30
244 39
381 38
215 47
231 47
359 23
204 41
344 27
233 46
320 29
292 26
213 37
342 40
264 25
246 47
336 36
389 35
218 37
218 43
223 45
277 41
357 36
338 28
282 43
382 33
245 45
327 33
371 40
397 37
312 46
398 37
284 42
338 42
370 36
301 28
209 43
287 27
311 32
274 39
264 34
262 29
337 36
245 44
376 41
258 33
255 46
245 44
351 32
289 44
374 39
285 34
399 34
230 24
332 43
385 41
377 45
221 27
358 36
201 45
319 29
355 42
309 36
370 34
226 37
360 46
374 32
252 33
261 35
272 45
294 43
300 35
295 37
211 24
258 27
251 47
212 42
341 31
388 40
349 38
249 44
390 38
232 40
322 35
355 30
274 28
286 40
328 28
269 44
245 28
366 29
303 37
309 36
317 38
251 40
329 41
386 33
280 36
222 42
303 39
266 27
279 31
347 32
242 35
361 24
398 31
229 25
316 38
352 40
325 38
294 25
225 27
229 46
395 24
217 47
284 25
354 23
209 46
290 31
294 47
347 39
266 42
200 30
357 45
205 31
333 41
309 43
224 42
296 23
218 43
385 24
374 28
254 47
226 42
236 33
396 45
356 30
294 44
316 43
336 37
322 46
319 34
363 31
227 27
321 33
240 31
205 42
321 24
353 28
301 39
201 24
333 43
268 28
326 23
396 40
355 38
324 42
285 34
325 35
359 31
290 24
217 43
303 23
264 24
206 45
351 37
260 32
350 35
309 38
356 34
254 37
320 44
259 31
301 46
258 41
328 27
303 32
325 30
317 28
245 39
295 44
311 42
349 37
300 33
365 37
359 28
216 31
320 41
368 32
300 43
317 37
203 24
342 32
321 41
273 42
242 39
326 40
201 38
221 34
369 23
268 46
313 37
331 29
314 36
342 31
232 40
341 39
343 34
367 35
204 24
233 41
331 27
224 32
292 31
266 43
304 45
214 33
316 31
241 44
314 38
323 29
385 43
330 24
249 44
282 24
269 41
362 31
283 43
391 42
216 42
316 36
282 43
346 33
394 24
318 26
241 44
306 40
220 36
242 39
328 30
202 25
285 27
291 30
328 36
287 28
262 46
269 34
396 30
388 32
221 42
283 32
342 39
203 35
326 42
292 40
358 34
250 39
203 36
206 36
219 30
308 30
300 30
204 28
370 26
350 43
246 37
300 29
232 35
233 27
323 40
359 37
356 29
245 24
269 34
269 24
398 36
210 26
331 40
282 46
201 31
223 36
298 36
277 25
352 39
343 27
247 37
384 27
390 41
304 28
330 43
209 37
265 27
301 43
226 29
299 35
246 43
314 37
239 34
334 25
288 23
383 32
210 40
297 34
377 39
284 31
338 46
327 31
395 46
246 46
321 44
200 31
279 40
257 34
267 38
397 39
387 23
207 45
235 25
314 43
311 41
201 32
259 30
209 44
246 46
213 44
257 35
295 31
317 25
307 35
255 37
365 29
206 37
307 25
392 38
299 27
262 26
355 36
307 39
398 43
224 34
357 32
307 36
323 45
255 27
239 29
393 30
292 23
200 38
358 39
202 42
313 26
326 47
376 44
357 33
265 34
220 29
370 28
340 24
389 30
313 45
356 30
216 36
269 33
240 33
220 28
214 27
395 35
252 26
282 30
277 27
312 27
353 46
271 31
385 41
387 27
393 25
316 27
362 42
229 46
325 47
223 38
304 37
362 27
385 39
223 41
206 43
223 37
252 45
335 32
363 29
254 45
290 40
335 32
378 44
243 46
330 34
213 46
228 24
295 35
390 29
293 32
323 34
300 44
206 27
208 35
250 26
256 44
240 35
242 45
366 42
389 30
214 42
385 24
284 38
298 24
302 24
366 38
266 28
341 42
323 47
296 45
363 42
283 24
330 44
329 24
275 31
284 38
302 31
263 41
398 36
356 44
311 33
373 36
313 40
282 31
347 29
359 35
244 29
262 34
384 31
247 43
252 28
214 36
223 35
200 37
323 33
227 41
219 45
302 30
226 36
245 36
327 43
243 23
283 32
291 40
218 29
277 42
334 45
302 32
393 46
206 31
323 31
317 43
312 29
299 31
354 45
361 42
274 42
358 34
329 28
209 29
233 42
307 39
293 27
249 26
269 37
208 30
359 25
308 46
214 43
254 26
367 46
220 32
236 45
239 39
215 25
388 24
258 29
346 27
248 35
200 37
227 34
225 43
246 42
242 39
398 28
243 35
307 31
372 38
269 33
313 37
291 30
310 26
320 41
355 26
304 36
292 41
391 43
378 41
246 35
272 30
223 25
221 46
345 24
325 23
230 29
332 26
250 38
279 30
389 24
255 23
379 39
330 23
278 34
269 47
326 26
279 26
320 41
243 28
228 33
366 27
365 33
354 39
304 41
259 33
231 26
310 43
351 35
377 45
271 36
309 44
271 36
282 44
229 33
313 45
203 45
275 41
371 31
302 40
305 36
384 24
393 37
369 27
239 40
321 46
223 25
204 26
312 38
214 26
365 38
216 46
381 32
225 43
374 23
322 30
220 44
349 26
283 29
345 39
248 47
250 28
227 23
249 46
209 34
230 35
270 34
391 31
398 42
327 38
209 34
333 46
244 43
359 29
211 30
373 25
247 40
236 24
279 35
395 36
282 29
319 27
234 32
324 37
252 33
245 35
237 37
335 42
391 46
220 33
291 26
234 36
289 30
333 33
383 32
323 36
377 32
312 37
243 24
227 37
320 41
268 31
333 35
232 42
209 28
284 24
259 47
389 38
251 38
306 26
362 43
331 30
392 29
327 23
272 23
275 41
217 41
355 35
312 42
279 44
290 29
207 39
396 33
218 37
365 27
310 31
393 30
397 28
311 26
397 36
312 36
278 35
389 30
321 28
226 34
254 46
367 36
352 41
345 31
322 32
234 36
271 35
337 42
289 38
388 23
327 32
322 46
201 36
345 36
265 43
201 45
222 33
295 30
211 37
321 37
247 38
211 29
329 33
333 30
379 44
301 36
339 34
246 33
361 41
334 28
302 43
273 32
237 38
268 35
329 34
344 32
354 35
229 44
254 46
310 45
238 30
324 26
360 37
261 43
218 41
249 45
336 46
383 36
331 44
389 29
343 32
262 25
242 44
287 34
245 41
398 34
378 40
225 44
299 37
206 40
268 38
319 25
393 39
304 41
384 37
200 46
397 36
298 28
367 23
368 28
265 26
281 28
307 24
306 25
305 34
358 29
361 44
345 35
271 34
321 29
258 23
273 29
210 25
281 24
370 32
371 34
323 31
360 37
305 31
288 26
289 30
235 32
353 44
271 27
341 45
315 28
267 27
396 45
368 47
264 31
363 33
341 35
344 25
227 38
292 26
308 34
381 24
287 23
320 37
236 45
255 30
225 38
324 42
330 25
382 27
324 40
335 30
264 25
326 34
334 36
297 29
265 47
238 42
255 39
380 31
257 35
231 33
203 37
312 38
219 44
214 43
325 35
251 33
328 41
358 33
291 25
266 31
395 46
353 42
343 29
233 31
298 34
320 41
360 25
244 37
333 33
373 35
279 36
235 47
233 32
257 34
387 39
367 32
282 33
301 42
239 35
291 45
215 46
315 36
338 36
289 39
356 28
239 23
357 33
206 30
313 40
253 37
328 32
203 41
266 26
296 38
374 30
245 37
299 47
384 43
342 45
391 25
251 43
352 38
337 30
258 42
357 37
302 26
282 38
306 27
253 31
393 36
363 40
307 33
290 27
215 43
342 38
288 46
258 23
316 29
377 24
298 43
358 24
243 38
376 31
368 32
270 25
305 25
319 34
339 43
207 35
261 45
396 28
232 46
211 37
337 36
237 38
210 41
378 36
327 38
387 24
307 28
209 44
226 35
314 25
231 33
237 36
238 32
318 35